lastAccountName: Lolipup228
timestamps:
  login: 1571682702851
  kits:
    moon: 1571683089200
  logout: 1571683104845
ipAddress: 25.66.5.89
lastlocation:
  world: world
  x: -196.5
  y: 113.0
  z: -1088.5
  yaw: 2.241049
  pitch: 0.0
logoutlocation:
  world: world
  x: -301.4360368599398
  y: 71.75125753727214
  z: -845.1520515061273
  yaw: 160.97545
  pitch: -69.44998
