lastAccountName: DarkRage
timestamps:
  login: 1587560840671
  lastteleport: 1587561858177
  kits:
    default: 1587561825246
ipAddress: 127.0.0.1
lastlocation:
  world: world
  x: -229.90848486287214
  y: 69.1875
  z: -1039.8723194945271
  yaw: -113.50112
  pitch: 9.242364
money: '30170.0'
