lastAccountName: LenelYT
timestamps:
  login: 1571154430653
  logout: 1570905593553
  kits:
    default: 1570905105648
  lastteleport: 1571153993550
ipAddress: 25.66.5.89
lastlocation:
  world: world
  x: -219.30000001192093
  y: 69.0
  z: -1034.300000011921
  yaw: -210.12619
  pitch: 49.79999
logoutlocation:
  world: world
  x: -231.45692826718678
  y: 69.0
  z: -1039.0564537773591
  yaw: 38.57373
  pitch: -2.4000008
