lastAccountName: SonicGames
timestamps:
  login: 1571154420742
  lastteleport: 1570471411459
  kits:
    default: 1570465711466
  logout: 1570457898151
ipAddress: 25.66.5.89
lastlocation:
  world: world
  x: -192.16409374554078
  y: 71.0
  z: -1081.8009251316128
  yaw: 9.191864
  pitch: 9.600008
money: '34.7315421668829611'
logoutlocation:
  world: world
  x: -183.49250083149704
  y: 68.0
  z: -1061.1857744460358
  yaw: -268.47488
  pitch: 0.44946134
