spawns: 
  default: 
    world: world
    x: -191.4933869235172
    y: 71.0
    z: -1081.4463957792605
    yaw: -0.87475586
    pitch: -4.650519
