world: world
x: -191.504611522802
y: 72.0625
z: -1005.6379043108229
yaw: -359.95657
pitch: 1.049965
name: auc
lastowner: f83bce0e-e670-3d7a-9e3f-db8bfd7f7bce
