world: world
x: -222.37018130413279
y: 68.0
z: -1077.9602815342337
yaw: -180.42482
pitch: -3.4505358
name: case
lastowner: f83bce0e-e670-3d7a-9e3f-db8bfd7f7bce
