world: world
x: -214.44149157660084
y: 68.0
z: -1048.895599732765
yaw: 1.0752431
pitch: 0.44947216
name: enchant
lastowner: f83bce0e-e670-3d7a-9e3f-db8bfd7f7bce
