world: world
x: -200.16973371641893
y: 72.0
z: -1010.8419679497432
yaw: 87.49192
pitch: 4.050184
name: mine
lastowner: f83bce0e-e670-3d7a-9e3f-db8bfd7f7bce
