world: world
x: -191.57161608778674
y: 68.0
z: -953.5959342950541
yaw: -0.2592163
pitch: 8.549968
name: pvp
lastowner: f83bce0e-e670-3d7a-9e3f-db8bfd7f7bce
