world: world
x: -227.8770362551618
y: 68.0
z: -1044.7614078671788
yaw: 41.291878
pitch: 1.9501868
name: wood
lastowner: f83bce0e-e670-3d7a-9e3f-db8bfd7f7bce
